2111517
1718220
1718173
1935200
1829660
2111526
1718121
2111519
2111522
1935178
2111520
1377225
2111527
2111513
2111515
2111525
1379085
2111518
1935191
1381243
2111516
1751881
1380568
2111524
1935202
2111521
2111514
1935193
2111523
1718165
1935192
1382113
1375625
1734191
1382153
1382154
1382155
1382156
1382225
1734192
1382226
1320048
1375460
1320049
1375463
1375462
1375464
1375465
1375466
1734195
1375467
1382158
1375468
1375469
1717957
1375470
1375471
1375472
1382159
2108934
1382160
1718295
1382161
1675527
1382163
1382164
1382167
1780980
1382166
1382168
1718027
1780849
1382169
1382170
1382174
1382171
1382172
1382173
1675603
1382175
1375473
1375475
1382176
1675678
1375476
1382177
1382258
1375477
1375478
1375479
1375480
1737028
1375481
1375482
1375483
1375485
1382180
1375486
1375488
1375491
1375492
1375494
1375495
1375496
1375497
1382228
1382229
1382230
1375498
1375499
1382182
1382231
1375501
1375502
1375504
1375506
1375508
1375509
1375511
1375512
1375513
1718048
1375515
1375514
1375516
1375517
1375518
1375519
1375521
1375524
1375525
1375526
1375527
1718031
1375528
1780801
1382232
1382233
1382256
1382235
1382236
1382237
1382238
1675565
1780982
1382239
1382241
1382243
1382242
1382244
1382245
1382246
1382247
1382248
1382249
1675651
1382251
1382254
1382255
1375530
1375531
1375532
1375533
1375534
1375535
1375536
1375537
1675576
1675630
1375538
1375539
1375540
1375541
1375542
1375543
1375544
1375545
1375547
1375548
1375549
1375550
1382192
1780981
1382193
1375551
1375558
1375554
1375555
1375556
1375557
1382259
1718195
1375560
1375561
1375564
1375566
1375567
1375568
1382184
1382185
1382186
1382187
1382188
1382189
1382288
1382289
1780983
1382291
1382261
1375577
1375570
1375572
1375573
1375578
1375579
1375575
1375576
1375580
1375581
1382264
1382265
1382266
1382267
1780850
1382268
1382269
1382270
1382271
1382273
1382274
1382190
1675667
1382275
1382276
1382278
1382279
1382280
1382281
1382283
1382287
1375582
1375583
1375584
1375585
1375586
1375587
1675707
1718207
1375588
1375590
1375589
1375591
1375595
1780861
1375593
1780802
1375596
1375597
1375598
1375599
1675718
1375600
1375601
1375603
1375493
1675453
1375606
1375604
1375605
1675733
1375608
1718015
1375610
1375612
1382292
1375614
1375615
1718236
1675566
1382194
1375616
1375617
1382195
1375618
1375619
1382196
1375621
1375622
1375623
1375624
1382293
1382197
1911628
1375626
1382198
1382294
1375627
1375628
1375630
1375631
1382296
1382298
1675455
1375632
1675494
1675741
1375651
1375633
1675459
1375636
1375634
1375637
1375638
1375639
1382199
1375640
1382200
1382201
1382299
1382300
1375641
1375642
1375643
1375644
1718080
1375645
1375646
1375647
1375648
1375649
1375650
1382202
1675737
1382203
1382204
1375652
1382205
1382206
1382301
1382207
1382208
1382210
1382209
1382211
1382212
1382213
1375705
1375653
1375654
1375655
1375656
1375657
1375658
1375701
1375700
1375659
1375660
1375662
1375663
1375664
1375703
1375665
1375667
1375666
1375668
1375670
1375669
1375671
1375672
1375674
1375673
1375675
1375676
1375677
1375678
1375702
1375679
1375680
1375681
1375691
1375682
1375683
1780862
1375684
1375692
1375685
1375686
1375687
1375688
1375689
1375690
1375693
1375694
1375695
1375696
1375697
1375698
1375699
1382214
1382215
1717980
1375707
1375708
1736839
1375709
1375710
1375711
1382302
1375712
1375713
1382304
1382305
1382303
1375714
1375716
1375715
1780863
1675597
1375718
1382306
1375720
1375719
2108979
1375721
1375722
1375724
1375727
1382216
1375729
1375730
1382217
1375731
1375732
1382220
1375733
1375734
1382221
1382307
1382308
1382309
1675546
1375735
1375739
1375737
1375736
1717969
1375740
1382222
1375741
1375742
1375743
1375746
1375744
1375745
1375747
1376346
1375748
1375749
1375750
1375753
1375754
1375756
1780803
1375751
1375757
1375773
1376366
1780864
1376347
1375752
1375761
1375763
2108947
1376352
1376348
1376349
1376350
1376351
1780809
1376353
1376354
1376355
1375764
1780865
1376356
1376357
1376358
1375765
1375766
1375767
1376359
1376361
1375768
1376362
1376363
1375770
1375771
1376364
1376365
1375772
1375777
1375775
1375776
1376367
1780804
1375781
1780866
1375783
1375784
1376323
1376324
1376325
1375786
1375787
1375788
1376369
1376370
1375789
1375790
1717958
1376371
1376372
1375791
1375792
1375793
1375794
1675702
1375796
1375797
1375799
1375801
1375800
1376327
1376328
1375802
1375803
1375804
1375805
1375806
1675513
1376374
1376375
1376376
1376377
1376378
1780878
1376379
1376329
1375808
1376380
1375809
1375810
1375811
1375812
1375813
1375816
1375817
1376381
1375818
1375819
1375820
1375821
1375822
1375824
1375826
1375827
1375828
1376331
1375830
1718053
1375829
1375831
1375832
1375833
1376332
1376333
1376334
1376335
1376336
1376337
1376339
1376338
1376341
1376342
1376344
1375834
1375835
1376345
1375836
1375837
1376382
1375839
1375840
1375841
1375842
1718233
1375844
1375843
1375845
1717983
1375846
1375847
1375850
1375849
1718134
1375851
1375852
1375854
1375855
1375935
1375858
1375857
1375928
1375859
1375860
1375861
1375862
1375863
1375865
1375866
1375867
1375868
1375869
1718047
1375870
1375871
1375873
1375872
1375874
1375875
1375876
1375877
1375878
1675655
1375879
1375880
1375881
1375882
1375907
1375884
1375885
1375888
1780867
1375889
1375886
1375890
1375891
1780868
1375892
1375893
1718016
1375895
1375894
1375897
1375899
1375902
1375901
1375904
1375906
1375908
1375909
1375911
1375912
1675510
1375915
1375916
1375913
1375914
1375917
1375918
1375919
1675593
1675727
1375920
1375922
1375921
1780869
1375923
1375924
1675660
1375925
1375926
1675460
1375929
1375930
1375931
1375932
1375934
1375936
1375938
1375937
1375939
1375941
1375943
1375944
1675701
1375945
1375946
1375947
1375949
1375950
1375952
1375953
1375954
1375955
1375956
1375957
1375958
1375959
1375960
1375961
1375962
1375964
1375963
1375965
1375966
1375967
1375968
1375970
1375969
1375971
1375972
1375973
1375974
1375975
1375976
1375977
1375978
1375980
1375979
1375981
1375982
1375983
1375984
1375985
1375986
1375987
1375988
1375989
1375990
1375992
1375991
1375993
1375994
1375999
1780805
1376000
1376001
1780871
1376027
1780807
1376002
1376003
1376004
1376005
1376006
1376007
1780806
1376008
1376010
1376012
1376013
1376014
1376016
1376015
1376017
1376018
1376019
1376020
1675642
1376021
1376022
1376023
1717982
1376024
1376033
1376028
1376029
1376030
1675609
1780872
1376031
1376032
1376034
1829671
1376050
1376038
1376040
1376039
1376042
1376045
1376044
1736833
1376036
1376046
1376047
1376037
1376048
1376049
1376052
1376053
1376056
1376054
1717966
1780873
1376055
1376058
1376057
1376059
1376060
1718231
1376061
1376062
1375996
1780870
1375995
1375997
1375998
1376092
1376090
1376063
1376064
1376093
1376094
1376096
1376095
1376097
1376098
1376087
1376088
1376100
1376101
1376103
1376104
1376110
1376065
1718205
1718017
1376113
1376105
1376089
1376106
1376107
1376108
1376109
1376066
1376067
1376068
1376069
1376070
1376072
1376073
1376074
1376078
1675558
1376076
1376077
1675495
1376080
1376081
1376082
1376083
1376085
1376086
1376114
1376115
1376116
1376117
1376118
1376119
1376123
1376384
1376120
1376121
1376122
1376124
1376125
1376127
1376128
1376385
1376130
1376129
1718014
1376131
1376132
1376133
1376135
1376136
1376138
1376139
1376140
1376141
1376143
1376142
1376386
1675528
1376387
1675691
1376388
1718044
1376144
1376152
1376153
1376145
1376146
1376147
1376391
1376390
1376148
1376149
1376392
1376150
1376393
1376155
1675681
1376156
1376157
1376394
1376158
1376268
1376267
1376266
1780876
1376269
1376265
1376160
1376161
1376162
1376271
1376273
1376274
1376164
1376165
1376166
1376280
1376275
1376276
1376277
1376278
1376281
1376279
1780877
1376168
1376169
1376171
1376181
1376173
1376174
1376175
1376176
1376177
1376178
1376179
1376180
1376182
1376183
1376189
1376186
1376188
1376191
1376192
1376194
1376195
1376197
1376200
1376202
1376201
1376203
1376204
1376205
1376282
1376206
1376208
1376218
1376209
1376210
1376211
1376212
1376213
1376214
1376215
1376216
1376217
1376220
1376221
1376222
1376223
1986379
1376225
1376226
1376227
1376230
1718054
1376228
1780874
1675637
1376229
1376231
1376232
1376233
1376234
1376235
1376236
1376237
1376238
1376240
1376241
1376242
1780875
1376243
1376245
1376247
1376248
1376253
1376249
1376250
1376254
1376251
1376252
1376255
1376256
1376257
1376259
1376260
1376261
1675703
1736823
1376262
1376263
1376283
1376285
1376284
1376286
1376287
1376288
1376289
1376290
1376291
1376292
1675672
1718077
1376293
1376306
1376294
1376297
1376298
1376299
1376300
2108961
1376295
1376296
1376301
1376302
1376304
1376305
1376303
1376308
1376309
1376310
1376312
1376313
1376318
1376314
1376315
1376316
1376317
1376319
1376320
1376322
1376321
1736837
1376395
1675686
1376408
1376409
1376410
1376411
1376399
1376400
1376401
1376402
1376403
1376404
1376405
1376412
1376406
1675461
1376413
1376414
1376416
1376417
1376418
1376419
1376421
1718216
1376425
1376426
1376428
1376429
1376430
1376427
1376432
1376431
1376434
1376435
1717995
1376437
1376438
1376439
1376441
1376442
1376443
1376444
1675689
1376446
1376448
1376449
1376450
1376451
1376452
1376453
1376396
1376455
1376397
1376456
1376457
1376458
1376459
1376463
1376462
1376465
1376468
1718144
1376470
1376482
1780879
1376471
1718083
1376473
1376474
1376475
1376476
1376477
1376479
1376478
1376480
1376635
1376483
1376485
1376484
1376637
1376487
1376486
1376488
1675491
1376489
1376493
1376491
1376494
1376495
1376496
1675631
1376497
1376498
1376502
1376500
1376501
1376499
1675462
1376503
1376504
1376506
1376507
1376510
1376511
1675463
1376509
1376512
1376513
1376514
1376517
1376516
1376518
1376519
1376515
1376520
1376521
1376522
1376523
1376524
1376525
1376526
1376528
1780810
1376529
1376530
1376531
1376532
1376534
1376535
1376536
1376537
1376538
1376542
1376539
1376540
1376541
1376544
1376548
1376545
1376546
1376547
1376549
1376550
2108939
1376552
1376551
1376553
1376555
1376556
1376557
1376558
1376559
1376560
1376561
1675675
1376562
1376563
1376564
1376567
1376565
1376566
1376568
1376569
1717968
1376570
1717967
1376571
1376572
1376579
1376573
1376574
1376575
1376576
1376577
1376578
1376580
1376581
1376583
1376584
1376585
1376586
1376587
1376588
1376591
1376589
1780880
1376590
1376592
1376639
1376593
1376594
1376595
1376596
1376597
1376598
1376601
1376602
1376603
1376615
1376604
1376616
1376605
1376606
1376607
1376608
1376609
1376610
1376613
1376614
1376618
1376619
1376620
1376621
1717993
1986394
1376622
1376623
1376624
1376625
1376627
1376628
1376460
1376629
1376630
1376633
1376634
1376640
1717978
1376641
1376644
1376645
1376646
1675569
1376647
1376648
1376649
1376650
1376651
1376652
1376653
1376654
1376655
1376656
1376697
1376699
1376657
1376658
1376659
1376660
1376661
1376662
1376664
1376666
1376668
1376669
1675717
1376673
1376674
1376675
1376676
1376677
1376678
1376680
1376679
1376681
1376682
1376684
1376685
1376687
1376688
1376689
1376690
1376691
1780811
1376692
1376693
1376694
1376695
1376696
1376700
1718108
1376701
1376702
1376703
1376704
1376705
1376708
1376707
1376706
1376709
1376710
1376711
1780881
1376712
1376713
1376714
1376715
1376717
1376716
1376721
1376718
1376719
1376720
1376722
1376723
1376724
1376725
1788840
1376726
1376727
1717961
1376728
1675720
1376731
1675674
1675698
1780882
1675730
1376732
1376733
1376734
1376736
1376737
1376738
1376739
1376740
1376741
1376743
1376744
1376746
1376745
1376747
1376748
1376749
1376750
1376751
1376752
1675452
1376753
1376754
1376755
1376756
1376757
1376760
1376761
1376762
1376763
1376766
1780883
1376764
1376767
1376765
1376768
1376769
1376758
1718143
1376770
1376771
1675632
1376772
1376773
1376774
1376775
1376776
1376778
1376779
1376777
1376780
1376781
1376782
1376783
1376784
1376785
1376786
1376787
1376788
1376789
1376790
1376792
1376793
1935182
1377092
1377093
1377094
1377095
1377096
1377097
1376796
1376794
1675684
1376795
1675578
1675577
1376797
1377099
1377100
1376798
1377101
1376802
1376803
1376804
1376805
1377104
1377105
1376807
1675614
1377106
1377107
1377108
1376809
1718167
1675640
1718033
1376810
1376811
1377109
1675502
1377110
1376812
1377111
1718136
1377112
1377113
1377114
1377115
1377116
1377117
1935188
1376813
1376816
1377120
1718039
1376818
1376819
1376820
1376822
1376823
1376826
1376827
2108980
1376828
1376830
1376831
1376833
1376832
1376834
1376837
1376839
1780884
1376836
1376841
1376842
1376843
1376844
1376845
1376846
1376847
1376848
1718174
1718175
1376851
1376853
1376854
1376855
1718004
2108963
1376857
2110034
1376856
1780812
1780885
1376858
1376860
1376861
1376862
1376863
1376864
1376865
1376866
1376867
1376868
1780886
1675583
1376869
1376870
1376871
1376872
1376874
1376875
1376877
1376878
1376849
1376850
1376927
1736834
1376879
1376880
1376881
1376883
1376884
1780887
1376882
1376885
1376889
1376887
1376888
1376890
1376891
1376928
1376894
1376895
1376897
1376898
1376901
1376902
1376900
1376905
1376903
1376904
1376908
1675612
1376910
1376911
1376912
1376913
1675613
1376916
1376918
1376919
1675547
1376922
1376924
1376926
1376929
1376930
1376931
1377121
1718029
1376934
1377122
1376935
1376936
1376938
1376939
1376940
1377123
1376941
1376791
1377124
1377125
1376942
1377126
1377127
1377128
1870381
1377129
1377130
1377131
1376943
1376944
1376946
1376947
1675629
1675618
1717970
1675623
1675624
1675628
1675617
1675625
1675619
1675620
1675621
1675627
1675626
1675622
1377132
1377133
1376948
1376950
1376951
1377134
1376952
1377135
1377136
1377139
1377140
1377141
1376953
1376954
1675649
1377143
1376955
1376958
1376957
1675548
1376959
1376960
1376961
1376962
1377011
1377012
1376965
1376966
1376967
1376968
1376970
1376971
1376969
1376972
1780827
2108936
1376974
1718166
1376975
1376976
1780888
1675677
1376978
1376979
1376980
1376981
1675665
1376982
1376983
1780813
1376984
1376985
1376986
1376990
1376987
1376988
1376991
1376993
1675533
1376995
1376996
1675570
1376998
1675464
1675670
1377003
1377004
1377013
1377028
1377025
1377030
1780890
1780889
1377026
1377027
1377007
1377005
1377006
1377008
1377009
1377010
1377042
1377043
1377062
1377063
1377064
1377045
1377046
1377085
1377047
1377048
1377049
1377050
1377051
1377052
1377053
1377054
1377055
1377056
1377057
1377065
1377068
1377069
1377070
1377067
1377071
1377072
1377073
1377074
1377076
1377078
1377080
1377082
1377083
1377084
1377086
1377088
1780814
1377089
1377087
1377091
1377090
1377144
1377154
1377145
1377146
1377147
1377469
1377150
1377152
1377153
1377155
1377156
1377157
1377162
1377158
1675615
1377159
1377163
1377160
1377161
1377164
1377165
1377166
1377168
1377169
1377170
1377175
1377172
1377173
1377174
1377178
1377177
1377180
1377179
1377181
1377186
1377182
1377183
1377184
1377185
1377189
1377187
1675657
1377190
1377191
1718119
1675588
1780891
1675589
1377194
1377195
1377196
1377470
1377471
1377198
1935181
1377473
1377474
1377476
1377477
1377487
1377488
1377492
1717986
1717985
1780900
1377491
1377489
1780899
1377490
1675571
1780898
1377479
1377480
1377481
1377200
1675705
1377201
1377202
1377482
1377483
1377485
1377486
1751878
1377493
1377203
1377204
1377205
1377206
1377207
1377208
1377209
1377210
1377211
1377212
1377213
1377214
1377215
1377216
1780816
1377219
1780815
1377220
1377221
1377223
1377222
1377224
1377226
1377227
1377229
1377230
1377231
1675714
1718198
1377233
1377234
1717989
1377235
1377236
1377237
1377238
1377239
1377240
1377241
1377242
1377243
1377250
1377245
1377246
1377247
1377248
1780817
1377252
1780892
1377253
1377254
1377256
1377257
1377255
1377498
1377494
1377495
1377496
1377497
1377258
1377259
1377260
1377261
1377262
1377499
1377500
1377501
1377503
1377263
1377264
1377265
1377266
1675722
1377504
1377505
1377267
1377268
1377269
1377506
1377507
1377508
1377509
1377510
1377511
1377512
1377513
1377514
1377515
1377516
1377517
1675466
1377519
1377270
1377323
1377324
1780820
1377326
1377329
1377330
1377336
1377337
1377271
1377272
1377273
1377331
1377322
1377332
1377286
1377274
1377276
1377278
1377277
1377279
1377280
1780818
1377282
1718056
1377338
1377339
1377348
1377340
1377341
1377342
1377333
1717971
1377344
1377343
1377345
1377334
1377346
1377335
1377347
1377289
1377290
1377291
1377293
1377294
1675736
1780819
1377296
1377297
1377302
1377303
1377299
1377298
1377300
1377301
1377304
1377305
1377307
1377306
1377351
1377352
1377357
1377353
1377354
1377355
1377358
1377360
1377361
1377362
1377363
1377364
1377365
1377367
1377366
1377368
1377369
1377370
1377371
1377372
1377308
1377309
1718185
1377373
1377311
1377312
1377313
1377316
1377314
1377315
1377317
1377318
1377319
1377320
1377321
1718079
1718138
1377374
1377376
1377417
1377378
1377377
1377379
1718018
1717984
1377380
1377381
1780893
1377382
1377386
1377387
1377389
1377390
1377391
1377392
1717960
1377394
1377396
1377393
1377397
1377399
1377400
1377401
1675724
1377402
1377403
1377410
1377412
1377411
1377413
1377404
1377405
1377406
1377408
1377409
1377414
1377415
1377416
1377418
1377419
1377420
1377421
1377422
1675503
1377426
1718019
1780894
1377427
1377428
1377430
1377429
1780821
1377423
1377424
1377431
1377432
1377433
1377434
1377435
1377437
1780895
1377438
1377439
1377440
1377441
1377442
1780896
1377444
1377445
1377447
1377446
1675514
1377448
1377449
1675496
1377450
1377452
1377453
1377454
1377455
1377456
1780897
1377459
1377461
1377462
1377463
1377464
1377465
1377466
1377467
1377468
1377835
1377836
1377521
1377853
1377854
1377522
1377523
1377524
1377525
1377527
1780901
1377528
1377529
1377530
1377531
1377532
1377533
1377534
1377535
1780902
1377536
1377537
1377855
1377538
1377859
1377539
1675515
1377857
1377540
1377541
1377860
1377861
1377544
1377545
1377546
1377837
1377838
1377839
1377547
1377548
1377841
1377842
1377549
1377862
1377863
1377550
1377873
1377864
1377551
1377553
1377555
1377556
1377557
1377558
1377559
1377560
1377865
1377868
1377561
1377866
1377867
1377844
1377562
1377869
1377870
1377564
1377843
1377565
1377566
1377871
1780909
1377872
1377567
1377569
1675607
1377874
1377845
1377875
1377847
1377572
1377570
1377571
1377848
1377849
1377850
1377573
1377574
1377575
1675744
1377576
1377577
1377578
1377579
1377581
1780800
1377582
1377583
1377584
1377585
1780903
1377586
1377587
1377588
1377589
1377590
1377591
1377592
1377593
1377594
1377595
1377597
1377876
1377598
1718082
1377600
1377601
1377878
1377879
1377880
1377881
1377606
1377602
1377603
1377604
1377605
1377882
1377883
1377607
1377609
1377610
1377608
1377617
1377884
1377851
1675505
1377887
1377886
1377888
1377611
1377612
1377613
1377614
1377615
1377621
1377620
1377623
1377890
1377893
1377892
1377891
1377895
1718140
1377896
1377897
1377900
1377624
1377625
1377626
1377630
1377631
1717997
1377627
1377628
1377632
1377641
1377633
1377634
1377635
1377638
2108937
1377637
1377639
1377640
1675726
1377642
1377643
1377644
1377645
1377646
1377647
1377648
1675516
1377649
1377650
1377651
1377653
1377655
1377656
1377657
1377658
1377659
1377660
1377662
1377664
1675633
1718078
1377665
1377666
1377667
1377673
1717996
1377669
1377670
1377671
1780904
1377674
1377676
1377677
1675608
2108935
1377679
1377680
1377681
1780905
1675745
1377682
1377683
1377684
1377685
1377686
1377687
1377688
1377705
1377707
1377706
1377708
1377710
1377709
1377689
1377690
1377691
1377693
1377694
1377711
1377712
1377695
1377696
1377697
1377698
1377699
1377700
1377701
1377702
1377703
1780906
1377704
1377902
1377713
1377905
1377906
1377907
1377908
1377903
1377910
1377938
1377937
1377936
1377940
1377941
1377911
1377912
1377913
1377914
1377716
1377715
1780910
1377915
1377916
1377917
1377918
1377920
1377921
1377931
1377932
1780911
1377922
1377923
1377924
1780823
1377926
1377927
1377928
1377929
1377930
1377933
1377934
1377935
1377943
1377944
1377949
1377948
1377946
1377717
1377718
1377719
1377720
1377721
1377723
1377725
1377724
1377726
1377728
1377729
1377950
1377951
1377730
1377731
1377954
1377732
1377733
1377955
1377956
1377957
1377734
1377735
1377959
1377960
1377736
1377785
1675641
1377742
1377749
1377743
1377745
1377746
1377748
1377747
1377751
1377750
1377752
1377753
1377754
1377755
1377756
1377757
1377758
1377759
1377760
1377761
1377765
1377762
1377763
1377764
1377768
1377766
1377767
1377787
1377769
1377771
1377770
1377772
1377773
1377774
1675559
1377775
1377776
1377777
1780907
1377778
1377779
1377780
1675467
1377781
1377788
1718021
1377784
1377782
1377783
1377738
1718020
1377739
1377741
1377789
1377790
1377791
1718168
1377792
1377793
1377794
1377795
1377796
1675673
1377797
1675468
1377798
1377799
1675706
1377800
1377802
1377803
1377804
1377805
1377809
1377810
1377806
1780908
1377808
1377811
1377812
1377813
1377814
1377815
1377816
1780822
1377817
1377819
1377821
1377822
1377823
1377824
1377825
1377826
1377828
1377829
1377832
1377833
1377834
1377962
1377963
1377964
1377965
1377966
1377968
1377969
1377970
1377971
1377972
1377973
1377974
1377976
1377977
1378007
1377978
1377979
1377983
1377984
1377997
1377985
1377987
1377988
1377989
1377990
1377991
1675708
1377986
1377992
1377993
1377994
1675654
1377995
1377996
1675710
1377998
1378000
1377999
1378001
1378003
1717974
1378004
1935203
1378006
1378008
1717979
1378009
1378010
1378011
1378012
1378015
1378014
1378023
1378024
1378025
1378016
1378017
1378100
1378026
1378027
1378029
1378030
1378032
2108956
1378033
1378034
1378035
1378036
1378018
1378102
1378103
1378105
1780824
1378106
1378104
1378107
1378108
1378109
1378110
1378111
1378114
1378116
1378118
1378119
1378120
1780914
1378121
1378019
1378037
1378038
1378039
1378020
1378040
1378041
1378043
1378044
1378050
1378051
1378052
1780912
1780913
1378055
1378061
1378062
1378056
1378058
1378063
1378045
1378046
1378047
1378048
1378049
1378064
1675534
1378065
1378066
1378068
1378069
1675517
1378067
1378070
1378071
1378072
1378073
1378074
1378075
1378077
1378078
1378122
1378079
1378021
1378022
1829664
1378080
1378081
1378082
1378083
1378084
1378086
1378087
1378089
1378092
1378094
1378096
1378097
1378098
1378099
1378123
1378125
1378126
1378127
2108945
1378128
1378129
1675688
1378130
1378131
1780825
1378134
1717990
1378135
1378136
1378669
1378670
1378671
1378137
1378138
1675580
1378696
1378697
1378679
1378680
1378139
1378682
1378683
1378684
1378143
1378140
1378141
1378144
1378145
1829674
1829676
1378146
1378142
1378685
1378686
1378688
1378147
1378153
1378148
1378149
1378150
1378151
1378152
1378690
1378154
1675584
1675585
1378698
1675586
1378156
1378691
1378693
1378694
1378672
1780920
1378695
1378157
1378675
1378160
1378158
1378159
1378673
1675606
1378674
1378164
1378161
1378162
1378163
1378165
1378167
1378168
1378169
1718059
1378170
1378171
1378173
1378699
1378700
1378174
1378175
1378176
1378177
1675469
1378178
1378179
1780915
1378180
1378181
1378182
1378183
1378186
1378187
1378190
1378189
1378191
1378193
1378194
1378195
1378196
1378197
1378702
1378198
1378199
1378201
1378202
1378203
1378204
1718221
1378205
1378676
1378206
1378207
1378208
1378703
1378704
1378209
1378210
1378220
1378221
1378705
1378223
1378211
1378212
1378214
1378215
1780916
1378216
1378217
1378224
1378225
1717987
1378218
1675470
1378219
1378232
1378231
1378233
1378234
1378707
1378235
1378236
1378237
1378708
1675693
1780829
1378709
1378710
1780921
1378711
1378712
1780922
1378715
1378714
1378717
1780923
1378718
1378720
1378722
1378723
1378724
1378729
1378726
1378727
1378730
1378728
1378731
1378732
1378733
1378677
1378240
1378241
1378242
1378243
1378245
1378246
1378247
1378248
1378250
1378251
1378252
1718191
1378253
1378254
1378255
1378256
1378258
1378259
1378260
1378267
1378261
1378263
1780826
1378264
1378265
1378266
1378268
1378269
1378271
1378272
1378273
1675518
1378274
1378275
1378276
1378278
1378279
1378280
1675492
1723033
1378281
1378283
1378284
1378282
1378285
1378338
1378286
1378287
1378339
1378288
1378289
1378341
1378342
1378290
1378291
1378292
1378294
1378295
1780917
1378296
1718022
1378297
1378298
1378299
1378300
1378301
1378343
1378335
1378336
1378337
1378302
1378304
1378305
1378307
1378308
1378313
1378309
1378310
1378311
1378314
1675700
1378316
1378318
1378320
1378322
1378323
1378324
1378325
1378326
1378328
1378329
1378347
1378344
1378345
1378330
1378331
1378332
1378333
1378334
1378348
1717975
1378350
1378349
1378351
1378352
1378353
1378354
1378355
1378356
1378358
1378359
1378360
1378361
1378362
1378363
1378364
1378365
1378366
1378367
1378369
1378370
1378371
1378372
1378374
1378375
1378376
1378373
1718013
1378377
1378378
1378379
1378381
1718116
1378382
1378384
1378385
2108964
1378386
1378738
1378387
1378388
1675653
1378390
1718135
1378391
1675648
1378739
1378392
1718058
1378740
1378393
1378394
1378741
1378395
1378396
1718133
1378397
1378400
1378402
1378403
1378404
1378405
1718153
1378406
1378407
1378408
1378409
1378410
1378411
1378412
1378413
1378414
1378416
1378742
1378743
1378744
1378424
1378425
1378419
1378421
1378422
1378423
1378426
1378746
1378427
1378428
1378429
1378747
1378430
1378431
1675497
1378432
1378433
1378434
1378435
1378436
1718061
1718137
1378439
1378441
1378749
1378448
1378449
1378748
1378442
1378443
2108933
1378444
1378445
1378446
1675644
1378447
1378451
1378452
1378453
1378456
1378454
1378455
1378458
1378457
1378461
1378750
1378462
1378463
1378751
1378752
1378464
1378465
1378466
1378467
1378537
1378539
1378540
2108962
1378541
1378468
1378470
1378471
1675454
1378474
1378473
1378475
1378476
1378477
1378478
1736825
1378480
1378481
1378482
1675738
1675506
1378484
1378483
1378485
1378504
1378505
1723154
1378486
1378488
1378487
1378490
1378491
1378492
1378493
1378494
1378495
1378496
1378499
1378502
1378503
1378507
1378517
1378508
1675663
1378509
1378511
1378542
1378512
1378513
1378515
1378516
1378518
1378543
1378519
1378520
1378521
1378522
1378523
1675729
1378525
1718219
1911629
1911631
1378526
1378527
1378528
1378529
1378530
1378531
1378533
1378534
1675735
1378535
1378536
1378544
1378546
1378549
1378548
1378552
1378553
1378554
1378558
1378555
1378556
1378557
1718176
1378559
1378560
1675666
1378565
1378584
1378585
1378561
1378562
1378563
1378566
1378567
1378568
1378569
1378571
1378572
1378573
1780918
1378574
1378576
1378577
1378578
1378579
1378580
1378581
1378582
1378583
1378564
1378587
1378588
1378590
1378591
1378592
1378593
1378594
1378595
1378596
1378597
1378598
1378599
1378600
1378603
1718001
1378604
1378605
1378606
1378609
1378610
1378611
1378612
1378613
1378614
1378615
1378616
1378617
1378618
1378619
1378620
1675734
1378621
1378622
1675594
1378623
1675554
1378625
1378626
1780919
1675595
1378624
1378627
1780828
1378628
1378629
1675549
1378631
1378633
1378632
1378630
1675742
1378634
1378635
1378636
1378637
1378638
1378639
1378640
1378641
1378642
1378643
1378644
1378645
1378647
1378668
1378665
1378666
1378648
1780808
1378649
1378650
1378652
1378651
1378654
1378656
1378657
1378664
1378753
1378754
1378755
1378756
1379177
1378757
1379176
1378760
1378761
1379212
1935184
1378762
1718154
1378765
1378766
1378767
1378768
1379178
1378769
1379179
1378770
1379214
1378771
1378772
1378773
1378793
1378775
1378777
1378776
1378779
1780924
1780830
1378781
1780925
1378782
1378783
1378784
1675471
1378785
1378787
1379180
1379205
1379207
1379206
1379183
1379216
1379186
1379189
1379190
1379191
1379192
1379184
1379193
1379194
1379195
2108940
1379197
1379198
1379199
1379200
1379201
1780931
1379202
1379203
1379204
1379217
1379218
1379219
1379220
1378788
1378789
1378791
1378790
1378792
1378794
1378795
1379222
1379224
1379234
1379225
1379226
1675704
1379231
1379232
1379233
1379230
1379227
1718224
1379228
1379229
1379236
1718050
1379238
1379239
1378801
1378799
1378800
1378802
1378797
1378798
1378803
1378805
1379242
1379209
1379208
1379210
1379211
1378806
1378807
1378808
1379241
1378809
1378810
1378811
1378812
1378813
1378814
1718062
1378815
1378816
1378817
1378818
1378819
1378822
1378823
1378825
1736836
1378826
1378827
1378828
1675511
1378829
1378830
1378831
1378844
1378836
1378833
1378834
2108970
1717972
1959334
1378835
1378837
1378838
1378839
1378840
1378841
1780926
1378842
1378843
1378845
1378850
1378847
1378848
1378849
1378851
1378852
1378853
1378859
1378854
1378855
1378858
1378856
1378857
1378862
1718105
1378863
1378864
1378865
1378866
1675694
1378868
1675696
1378867
1378870
1378872
1378873
1379008
1378875
1378876
1378877
1378878
1378879
1378899
1378900
1378881
1378882
1378883
1378884
1378885
1378886
1378887
1378888
1378889
1378891
1378892
1378893
1378896
1378894
1378895
1378897
1378898
1378902
1378903
1675472
1378904
1378906
1378907
1378908
1378909
1378915
1378910
1378911
1378912
1378916
1378917
1378918
1378919
1378920
1378921
1378929
1378923
1378930
1378928
1378925
1378931
1378932
1378933
1378926
1378927
1378934
1378936
1378935
1378937
1378951
1378938
1378939
1378940
1378953
1378941
1378942
1675498
1378944
1378943
1378946
1378947
1378949
1378955
1378956
1911630
1378958
1378959
1378960
1378961
1378963
1378964
1378965
1378966
1379041
1378967
1378968
1378969
1379009
1378970
1378973
1378971
1378972
1378979
1378974
1378975
1378976
1378977
1378980
1378981
1378978
1378982
1379040
1378986
1378983
1378984
1378985
1378988
1675535
1378994
1378989
1378990
1378991
1378995
1378996
1378997
1378999
1379010
1718139
1379000
1379002
1379001
1780927
1675508
1379003
1379004
1379005
1675473
1379006
1379012
1379022
1379013
1675567
1379023
1379014
1379015
1379016
1379017
1379018
1379019
1780928
1379020
2108977
1379021
1379024
1379025
1379026
1379027
1379028
1675692
1379029
1780831
1379030
1379031
1379032
1379033
1379034
1675668
1379035
1379036
1780832
1379037
1717981
1379038
1379039
1379042
1675731
1379081
1379043
1379062
1379063
2108949
1379065
1780929
1718101
1379066
1379046
1379047
1379048
1379051
1379049
1379052
1675598
1379053
1379054
1379055
1379056
1379057
1379058
1379059
1379060
1379061
1379068
1379069
1379070
1379071
1379072
1379073
1379074
1379075
1379076
1379077
1379078
1379079
1379082
1379083
1379084
1379086
1379088
1379089
1379097
1379090
1379092
1379093
1379094
1736819
1379096
1379099
1379098
1379100
1718040
1379101
1379102
1675647
1379246
1379103
1379247
1379104
1379248
1379249
1379105
1379106
1379107
1379108
1379251
1379253
1379252
1379254
1379255
1379109
1379256
1379258
1379110
1718007
1379111
1718041
1379112
1379113
1379114
1379115
1379116
1379117
1379278
1379118
1718052
1379259
1718024
1780932
1379260
1780833
1379261
1379262
1379119
1379263
1379264
1379265
1379267
1379266
1379273
1718049
1379271
1718081
1379268
1379272
1379275
1379120
1379121
1379122
1379123
1379124
1379125
1379127
1379132
1379128
1379134
1379130
1870384
1379135
1379136
1379137
1718107
1780930
1379138
1379140
1379139
1379141
1379142
1379143
1379144
1379145
1379146
1379148
1379149
1379150
1379152
1379153
1379160
1379155
1379156
1379157
1379158
1379159
1736831
1379162
1379163
1379164
1379166
1379167
1379168
1379169
1379170
1379171
1379172
1379173
1379174
1379175
1379280
1379285
1379281
1379283
1379284
1379286
1379287
1379289
1379510
1379291
1379294
1379296
1379290
1379298
1379299
1675474
1379301
1379300
1379302
1718025
1379305
1870380
1379306
1379307
1379511
1379512
1379308
1379310
1379309
1379311
1379312
1379317
1379318
1379314
1379315
1379316
1379513
1675721
1379319
1379321
1379322
1379323
1379324
1379327
1379515
1379516
1379325
1379518
1379520
1379521
1379517
1379326
1379524
1379525
1379328
1379526
1379329
1379330
1379331
1379527
1379533
1675709
1379332
1379333
1379334
1379335
1379336
1675676
1379337
1379338
1379339
1379340
1379342
1379343
1379344
1379345
1788839
1379346
1379347
1379348
1675568
1379349
1379350
1379351
1379534
1675599
1379354
1379355
1675520
1379528
1379357
1379358
1379359
1379529
1379530
1379360
1379361
1379362
1379363
1379364
1379535
1379536
1379537
1379538
1379539
1379365
1379366
1379367
1379368
1379369
1379370
1379371
1379374
1379532
1379540
1379375
1379376
1379378
1379380
1379382
1379383
1379384
1675610
1379385
1379388
1379387
1379386
1379389
1379392
1379393
1379394
1379395
1379396
1379397
1379399
1379400
1379401
1379402
1379403
1379406
1379407
1379408
1379409
1675596
1379410
1379411
1379412
1379413
1379414
1379415
1379416
1379417
1379418
1379419
1379420
1718212
1379421
1379422
1379423
1379424
1379425
1379426
1379427
1675475
1379429
1379430
1379431
1379432
1379433
1379434
1379435
1379436
1379437
1379542
1379543
1379438
1379439
1379440
1675476
1379441
1379442
1718142
1379443
1379453
1379545
1780834
1379445
1379446
1379447
1379449
1379444
1379544
1379450
1379451
1379452
1379455
1379466
1379456
1379457
1780933
1717988
1379459
1379460
1379461
1379462
1718063
1379464
1379546
1379467
1379468
1379469
1379470
1379471
1379472
1379547
1718003
1379473
1379476
1379477
1675716
1379479
1379480
1379481
1379482
1379483
1379484
1379485
1379486
1379487
1379488
1675477
1379490
1379491
1379492
1675519
1379494
1379496
1379499
1379497
1379498
1379500
1379501
1379502
1379504
1379509
1379507
1379508
1379548
1379745
1379748
1379549
1379749
1379744
1379751
1379551
1379753
1379754
1379755
1379757
1379758
1379759
1780941
1379760
1379761
1379553
1379554
1379762
1379556
1379557
1379558
1379560
1379561
1379564
1379563
1379565
1870379
1379566
1379567
1379568
1379569
1379571
1379572
1379573
1379575
1379576
1379577
1379578
1379579
1379581
1379580
1675521
1379582
1379583
1379588
1379584
1717992
1379585
1379586
1379590
1379587
1379592
1379594
1379595
1379596
1379609
1379597
1379599
1780934
1379600
1379602
1379603
1379604
1379606
1379605
1379608
1379610
1379631
1379611
1379630
1379612
1379613
1379614
1379615
1379616
1379617
1379618
1780935
1780936
1379620
1379621
1379632
1379622
1379623
1718104
1379624
1379625
1379626
1718232
1379628
1379627
1379629
1379633
1379637
1379635
1379634
1379686
1379638
1379639
1379640
2108938
1379641
1379642
1379643
1780835
1379649
1379644
1379645
1379646
1379647
1379648
1379651
1379652
1317786
1379654
1379655
1718201
1379657
1379658
1379664
1379660
1379661
1379662
1379663
1379666
1379667
1379668
1379670
1379671
1379679
1379672
1379680
1379681
1379673
1379674
1379675
1379676
1379677
1379678
1379682
1379684
1379685
1379688
1379691
1379692
1379693
1379694
1379695
1675697
1379696
1379697
1379699
1379700
1379701
1379702
1379703
1379763
1379765
1379766
1379768
1379767
1379704
1379705
1379706
1379718
1675616
1870383
1379743
1379742
1379709
1780937
1379710
1379712
1780938
1780836
1379714
1379719
1379720
1379721
1780939
1379726
1379727
1379728
1379729
1379730
1379732
1379731
1379734
1379735
1379738
1379739
1780940
1382311
1382312
1382313
1379769
1379770
1379771
1379772
1379773
1379774
1379775
1736838
1382315
1379777
1382318
1382316
1382317
1379778
1379779
1379780
1379781
1379782
1379783
1379784
1379785
1379786
1379787
1379788
1379789
1379790
1379791
1379792
1379793
1379794
1379795
1379797
1379798
1379799
1379804
1379806
1379800
1379807
1675699
1379808
1379809
1379810
1379801
1379802
1379811
1780942
1379812
1379813
1379814
1379815
1675658
1379816
1379817
1382321
1382322
1382323
1382324
1780984
1382325
1379818
1382326
1675581
1379819
1718171
1379820
1718147
1379821
1675457
1379822
1382327
1829661
1379823
1379824
1382328
1382329
1382331
1382332
1382330
1382333
1675572
1379825
1379826
1379828
1379829
1379830
1382334
1379837
1379831
1379832
1379833
1379834
1379835
1382335
1382336
1382337
1382338
1379838
1379839
1379841
1379840
1675695
1379842
1382340
1382341
1379843
1379844
1379845
1379846
1780943
1379847
1379848
1379849
1379850
1379851
1675611
1379852
1382342
1382346
1382344
1382348
1382349
1382350
1382351
1382352
1382353
1382355
1382356
1379854
1379855
1379856
1379857
1382357
1382358
1382403
1382362
1382359
1382361
1382360
1718184
1382363
1382364
1382366
1382367
1382369
1382370
1382371
1382372
1382374
1382375
1382378
1382379
1736829
1382380
1382383
1382384
1382385
1382386
1382387
1382389
1382390
1382393
1382400
1382394
1723151
1382395
1382396
1382397
1382401
1382398
1382399
1382402
1675587
1379858
1379859
1379860
1379861
1379865
1379866
1379867
1675529
1379870
1379868
1379869
1382409
1382410
1382408
1718028
1382405
1382407
1382411
1382412
1382413
1382416
1382414
1382415
1382417
1382418
1382422
1382420
1382423
1382424
1382421
1382425
1382428
1382429
1382430
1382432
1382433
1382434
1382435
1382436
1382437
1718214
1382438
1382439
1382440
1675592
1379873
1379874
1379872
1379875
1379876
1379877
1379878
1379879
1382442
1382443
1382444
1382445
1382446
1382448
1382447
1379881
1379883
1379884
1380039
1379886
1379889
1379890
1675725
1380040
1379891
1379892
1379893
1379894
1379896
1379898
1718164
1379899
1380049
1380051
1379901
1380052
1380053
1380054
1379902
1379903
1379904
1379905
1380041
1380042
1380043
1380044
1380045
1379906
1379907
1379909
1380046
1380048
1718196
1379910
1379911
1379912
1379913
1379914
1379915
1675478
1379916
1379918
1379919
1379922
1379920
1379921
1379924
1379925
1379926
1379927
1379928
1379929
1675504
1379930
1379931
1379932
1379933
1675669
1379934
1379935
1379936
1379937
1718084
1379938
1379940
1379941
1379942
1379944
1379945
1379946
1379947
1379948
1379950
1379952
1379954
1379956
1379957
1379958
1379959
1379961
1379960
1379962
1379963
1379964
1379965
1379972
1379967
1379969
1379970
1379971
1379974
1379973
1379983
1379984
1379975
1379976
1379977
1379978
1379980
1379981
1675555
1379985
1379986
1380055
1379988
1379989
1379990
1380056
1675490
1380057
1379992
1935185
1379993
1379994
1379996
1379995
1379997
1379999
1675682
1675743
1675550
1380000
1380019
1380020
1380024
1380022
1380021
1380025
1380026
1380003
1380004
1380005
1380006
1675690
1380007
1380008
1380009
1380010
1380011
1718194
1380012
1380013
1380014
1380015
1380016
1380017
1380028
1380029
1380031
1380030
1380033
1380034
1380035
1380037
1380058
1380238
1380059
1380246
1380247
1380060
1675652
1380061
1380062
1380063
1380064
1380065
1380239
1380240
1380066
1380241
1380243
1380244
1380067
1380249
1380068
1780944
1380069
1380071
1380072
1780945
1380073
1380086
1380078
1380079
1380081
1780946
1380082
1380251
1380252
1380084
1380087
1380088
1380089
1380245
1380090
1380253
1380254
1380091
1780949
1380257
1380258
1380259
1380260
1380261
1380262
1380263
1380093
1380096
1380097
1380094
1380098
1675479
1380099
1380100
1380101
1380102
1380103
1380105
1380106
1380107
1380108
1380110
1380109
1380111
1380112
1380113
1380114
1380115
1380116
1380117
1380120
1380121
1380123
1380124
1380126
1380127
1380129
1380131
1380132
1380134
1380135
1380136
1380137
1380138
1380139
1380140
1380141
1380142
1380144
1380145
1380146
1380147
1380148
1380149
1380151
1380152
1675480
1380150
1380159
1380158
1380155
1380157
1380160
1380161
1380162
1380266
1380264
1380267
1380265
1380269
1380268
1380270
1380271
1380273
1380272
1380276
1380274
1380164
1380165
1380278
1380279
1380277
1380281
1380282
1380284
1380285
1380287
1380288
1675646
1380303
1675679
1380289
1380290
1380291
1380292
1380295
1380293
1380294
1380296
1380297
1380298
1380304
1380299
1380300
1380301
1380305
1380306
1675680
1380302
1380307
1380308
1380310
1380311
1380166
1380167
1380324
1380312
1718051
1675482
1380315
1380316
1380317
1380318
1380319
1380320
1380321
1380322
1380325
1380326
1380327
2108955
1675483
1380328
1380329
1380330
1380331
1380333
1380332
1380334
1380335
1380336
1675643
1380169
1780947
1380170
1675530
1380171
1380173
1380174
1380172
1380175
1380176
1380177
1380179
1380181
1380337
1380338
1380339
1380340
1675481
1380182
1380184
1380185
1380186
1380187
1380188
1380189
1380190
1380191
1380192
1380193
1380194
1380195
1380196
1380198
1380197
1380201
1380202
1718002
1380203
1380204
1380205
1380206
1380207
1380208
1380209
1380210
1380211
1380212
1380213
1380214
1380215
1380216
1717964
1380218
1380219
1380220
1675712
1780948
1380222
1380221
1380224
1380225
1380226
1380227
1380228
1380229
1380231
1380230
1718132
1380232
1380233
1380235
1380236
1380237
1380343
1380344
1381231
1381232
1381233
1380345
1381234
1380346
1380347
1381219
1381236
1381235
1381221
1381222
1380350
1380349
1380351
1380352
1381223
1381224
1381225
1380342
1380354
1380355
1381237
1380358
1718026
1380359
1380360
1380361
1380362
1380364
1380366
1380368
1380369
1380370
2108952
1380372
1381241
1380401
1380374
1718131
1780950
1718130
1380376
1380377
1380378
1380379
1380380
1380381
1380383
1380385
1380386
1380389
1380390
1380391
1380392
1380393
1380394
1380395
1675582
1380397
1380398
1380399
1380400
1381226
1381227
1381228
1380406
1380405
1380407
1380410
1675488
1380412
1380415
1380414
1380417
1675553
1380416
1380418
1380420
1380419
1381242
1380421
1780951
1675458
1380422
1380424
1780952
1717963
1380425
1380426
1380427
1381244
1718046
1381245
1381246
1381247
1381248
1380428
1381249
1718149
1381260
1381250
1935187
1381251
1381252
1381253
1381254
1381255
1381258
1381259
1381256
1381261
1381262
1381263
1381264
1381266
1380430
1380431
1380432
1380433
1380434
1380435
1380436
1718146
1380438
1675551
1380439
1380440
1718030
1380441
1780837
1380442
1780838
1380443
1717998
1380444
1751879
1380445
1380446
1380447
1718034
1380449
1380450
1380451
1380452
1380453
1380454
1380455
1380456
1380457
1380458
1380459
1380460
1675723
1380461
1380462
1380463
1380464
1380467
1380468
1718229
1380469
1380470
1380471
1380472
1380473
1717994
1986396
1380474
1380476
1380477
1380479
1380488
1718129
1380482
1717976
1380483
1380484
1780953
1380485
1380487
1380497
1380499
1380500
1380503
1380504
1380505
1675552
1380509
1380508
1380510
1380511
1380513
1380512
1380518
1380519
1380514
1380515
1380516
1380517
1380520
1380521
1380522
1380524
1380525
1380526
1380527
1380490
1780954
1380491
1380492
1380493
1380494
1380495
1380496
1380651
1380528
1380529
1380530
1380652
1380653
1380531
1380532
1380641
1380533
1718106
1380534
1675600
1780959
1380654
1380535
1380642
1380536
1380643
1380537
1380655
1380656
1380644
1380657
1380544
1380538
1380541
1380542
1380658
1380545
1380646
1380659
1380660
1380661
1380546
1380547
1380647
1380650
1380663
1380648
1380664
1780958
1380649
1380665
1380548
1380667
1380552
1380549
1380550
1380551
1380553
1380554
1380557
1380559
1380561
1380562
1380563
1380564
1380565
1380566
1380567
1380569
1675536
1675544
1675537
1675538
1675539
1675540
1675541
1675542
1675543
1675556
1380570
1675574
1380571
1380572
1380573
1380574
1380575
1751883
1380576
1380577
1380580
1380581
1380583
1380584
1380585
1380586
1675636
1780955
1380587
1380606
1380588
1380589
1717999
1380590
1380591
1380592
1380593
1718141
1380594
1380595
1380596
1380597
1380598
1380599
1380600
1380601
1380604
1380602
1380603
1380608
1380607
1380668
1380609
1380610
1380614
1380612
1380613
1380611
1380615
1380616
1380669
1380670
1380617
1380618
1380619
1380620
1380621
1380627
1380626
1380628
1380629
1380622
1380623
1380624
1380625
2108951
1780956
1380631
1380632
1380634
1380635
1380636
1380637
1675557
1380638
1380639
1780957
1380695
1380672
1675601
1380673
1675509
1380674
1380675
1380696
1380692
1380698
1380699
1380700
1380694
1380704
1380701
1380693
1380703
1380702
1380705
1380676
1675545
1380677
1380678
1780960
1380680
1380681
1380682
1380683
1380684
1380686
1380687
1380688
1380689
1380728
2090926
1380731
1380729
1380730
1380732
1380735
1380708
1380744
1380709
1380739
1380737
1380741
1380742
1380743
1380711
1380710
1380712
1380713
1380714
1380715
1380716
1380718
1380719
1380720
1380721
1380745
1380746
1718060
1380747
1380748
1380749
1380751
1380752
1718213
1380753
1380754
1380755
1380722
1380724
1380725
1380726
1380727
1675739
1780961
1380765
1380766
1380768
1380769
1380770
1380756
1380757
1380758
1380760
1718006
1380761
1380772
1380762
1380773
1380774
1380775
1380763
1380776
1380777
1380778
1780839
1380779
1380780
1380781
1381267
1381269
1381270
1381271
1381272
1381273
1381274
1381275
1381324
1381279
1381276
1381278
2108968
1718186
1381280
1381281
1381282
1381283
1381284
1381285
1381286
1381287
1381288
1381289
1381290
1381291
1381292
1381293
1718202
1381300
1381296
1381301
1381298
1381299
1381302
1381304
1381307
1381306
1381313
1381308
1381314
1381315
1381309
1381310
1780843
1381311
1381312
1381316
1381317
1381318
1381319
1381323
1381322
1381321
1380782
1380783
1380784
1380785
1380786
1380787
1780840
1380832
1380789
1380790
1780842
1780962
1380791
1380796
1380792
1380793
1380795
1717991
2108944
1380797
1380798
1380800
1380805
1380804
1380803
1780841
1380802
1380806
1380810
1380807
1380808
1380811
1380812
1380809
1380813
1380814
1380815
1380817
1380818
1675575
1380825
1380820
1380821
1380824
1380822
1380823
1380829
1380831
1380826
1380827
1380833
1380834
1718057
1380835
1380837
1381326
1381327
1380838
1675522
1380839
1380840
1380841
1381346
1381347
1381329
1381330
1381331
1718005
1381333
1381334
1381335
1381336
1381337
1381340
1381341
1381342
1381343
1381344
1381345
1381348
1380843
1380885
1380844
1380845
1380846
1718010
1380881
1380847
1380848
1380886
1380850
1380882
1380851
1380883
1380884
1380853
1380854
1380855
1380856
1380857
1380858
1380859
1380860
1380862
1380861
1380863
1380864
1380865
1380866
1380867
1380869
1380870
1380872
1380871
1380873
1380874
1380875
1380876
1380877
1380879
1380878
1870382
1380888
1675683
1380889
1381126
1380890
1380892
1380893
1380894
1380895
1380897
1381121
1380898
1380899
1380900
1380901
1717973
1380903
1380904
1381122
1380905
1381127
1381128
1380907
1380908
1380909
1380910
1381123
1381124
1381130
1380911
1380912
1380913
1380915
1380916
1380917
1381125
1381131
1380918
1380919
1675523
1380920
1380921
1380922
1380923
1380924
1675524
1380964
1380965
1380966
1380929
1380927
1380930
1380928
1380931
1380932
1380933
1675484
1380934
1718109
1380937
1380936
1380938
1380939
1380940
1380941
1380942
1380925
1380943
1380944
1380945
1380946
1380947
1380948
1380950
1380951
1380953
1380954
1380956
1380955
1380960
1380957
1380958
1380959
1380926
1380961
1380962
1380963
1380967
1380971
1380972
1380973
1380969
1380974
1380975
1380976
1380977
1380978
1380982
1718128
1380981
1380984
1380980
1380985
1675656
1380989
1380990
1380986
1380987
1380988
1675512
1380992
1380994
1380995
1381036
1381037
1380997
1381035
1380998
1381038
1675687
1381001
1381002
1717965
1381005
1675715
1381007
1381039
1381008
1381014
1381011
1381012
1381013
1381018
1381016
1381020
1381021
1381022
1381059
1381023
1381025
1381024
1381057
1381055
1381056
1381058
1381029
1381040
1381032
1381033
1381042
1381043
1381044
1381041
1381045
1381046
1381047
1381048
1381049
1381051
1381052
1381053
1381132
1381133
1381069
1381070
1381060
1381062
1381063
1381065
1381064
1381066
1381068
1381077
1381071
1381072
1381073
1736832
1381078
1381080
1381079
1381084
1381085
1381086
1381087
1381082
1381081
1381075
1381076
1381088
1381089
1381090
1381091
1381092
1381093
1381094
1381095
1381096
1381097
1381098
1381099
1381100
1381101
1381102
1381103
1381104
1381105
1381107
1381117
1381108
1381118
1381109
1381112
1381110
1381111
1381113
1780963
1381115
1381116
1381134
1381135
1381136
1381137
1381138
1381139
1675664
1381140
1381141
1381142
1381145
1381146
1381147
1381148
1780844
1381149
1381150
1381151
1381152
1381154
1381155
1381197
1381156
1381157
1381158
1381198
1381199
1381200
1381166
1780846
1381161
1780964
1381160
1381162
1381164
1381165
1381168
1381169
1381170
1675591
1675590
1381174
1381175
1675604
1381176
1381180
1381184
1381185
1381186
1381187
1780965
1381188
1381189
1381181
1381190
1381182
1381191
1381194
1381195
1717959
1381171
1381172
1381201
1381202
1381203
1381204
1381206
1675525
1675531
1381208
1381207
1381209
1381210
1381211
1381212
1381213
1381214
1381215
1381216
1381350
1381351
1381352
1381693
1381353
1717962
1381694
1381354
1381355
1381356
1381695
1381357
1381708
1381368
1381359
1381360
1381361
1381362
1780966
1381363
1381364
1381365
1718000
1381367
1718200
1381696
1381370
1381703
1381372
1381373
1381371
1718197
1381697
1381698
1381699
1381700
1780974
1381701
1381374
1381702
1381375
1381376
1381377
1381378
1381709
1675650
1381379
1381710
1381711
1381714
1381713
1381704
1381705
1381706
1381715
1381380
1780967
1381707
1381381
1381383
1381386
1381387
1381388
1381389
1381390
1381391
1381392
1381394
1381395
1381396
1718127
1381398
1381401
1381402
1381403
1381404
1381405
1381406
1718188
1381408
1675602
1675573
1381409
1718152
1736828
1381411
1381412
1381413
1381415
1381414
1381416
1381418
1381419
1675719
1381421
1381422
1381423
1381427
1381424
1381428
1381429
1381430
1381432
1381433
1381434
1381435
1381436
1381437
1381438
1381439
1381443
1381444
1381445
1381447
1381448
1381449
1381440
1381441
1381442
1381452
1381453
1780847
1381454
1381455
1381456
1381457
1780968
1381458
1381459
1381460
1675685
1381716
1381461
1381462
1381463
1381464
1381466
1381465
1381467
1381468
1381469
1381717
1381470
1381471
1381718
1381472
1718177
1381473
1381474
1381475
1381476
1381478
1381477
1381479
1381481
1381482
1381483
1381484
1381480
1381485
1381487
1381488
1381489
1381490
1381491
1381492
1381494
1381495
1381496
1381719
1381720
1381497
1381498
1381499
1381500
1381501
1718032
1381502
1780969
1381503
1381504
1675728
1381505
1381506
1381524
1381508
1381510
1381509
1381511
1381512
1381513
1381514
1381515
1381516
1381517
1780970
1381518
1381520
1381519
1381521
1381721
1381527
1381525
1381526
1381528
1381529
1381722
1381723
1381724
1381612
1381613
1675635
1675634
1675563
1381614
1381617
1381615
1381618
1381619
1381620
1381607
1381622
1381530
1381624
1381533
1381536
1381537
1675713
1381538
1381609
1381610
1381611
1381539
1381540
1381541
1381542
1381543
1381626
1381627
1381545
1381547
1381628
1381630
1381549
1381551
1381552
1381557
1381553
1381554
1381558
1780845
1381550
1381559
1381560
1381561
1381562
1780971
1381563
1381565
1381566
1381567
1381568
1381569
1381571
1381570
1381574
1780972
1381590
1381589
1381576
1381575
1381577
1381578
1381579
1675645
1381580
1381581
1381582
1381583
1381584
1381585
1381586
1381587
1381588
1675499
1381591
1381631
1381592
1381594
1381596
1381595
1381597
1780973
1381598
1381593
1675500
1381599
1381600
1381602
1381605
1381606
1381632
1675532
1381633
1381634
1381635
1381637
1381638
1381639
1381640
1381641
1381642
1381643
1381646
1381648
1381649
1381650
1381651
1381652
1381654
1381655
1381656
1381657
1381659
1381658
1381670
1381661
1381664
1381662
1381663
1381666
1381665
1381668
1381669
1381672
1381677
1675501
1381674
1381671
1381675
1381676
1381678
1381679
1381680
1381681
1381682
1381683
1381685
1381686
1381687
1381688
1381689
1381690
1381691
1381725
1381726
1381727
1381728
1381734
1675659
1675661
1381729
1381730
1780848
1381732
1381735
1381736
1381737
1381738
1381739
1381740
1381742
1381741
1381744
1381745
1381746
1381747
1381748
1718126
1381749
1381751
1381752
1381754
1381756
1381760
1381780
1381781
1381763
1381764
1381765
1780975
1381766
1381767
1381769
1381770
1381771
1780976
1381772
1381773
1381774
1381777
1381778
1381779
1382029
1382030
1382031
1382032
1382033
1382034
1382035
1382036
1382037
1382038
1382039
1675711
1381783
1381785
1382040
1382042
1382043
1382011
1382012
1382013
1382014
1718187
1381789
1381791
1675485
1381792
1381794
1381822
1381796
1381799
1381800
1381801
1382044
1381802
1381803
1382045
1381804
1751880
1381807
1381809
1381810
1381812
1381814
1381815
1381816
1381817
1381818
1382046
1381819
1381821
1381820
1381826
1382047
1382048
1382050
1382051
1382052
1381827
1382054
1382055
1718055
1382056
1381828
1381829
1675487
1382062
1382016
1381830
1381831
1382015
1382018
1382019
1382020
1381833
1381834
1382021
1382023
1382058
1381835
1382059
1381836
1381837
1381839
1382061
1382024
1382026
1382027
1382025
1381843
1381844
1381841
1381842
1381845
1381846
1381848
1381849
1381850
1381852
1381854
1382064
1382067
1382066
1382065
1382068
1382069
1780977
1382070
1382071
1382072
1382073
1382074
1382076
1382127
1382078
1718217
1382079
1382125
1382082
1382081
1382080
1382084
1382085
1382087
1382088
1382089
1382090
1382091
1382092
1382093
1736830
1382094
1382095
1382099
1382102
1382100
1382103
1382104
1382105
1382106
1382107
1382111
1382110
1382112
1382114
1382115
1382116
1382117
1382118
1382119
1382121
1382123
1382128
1381857
1381858
1381859
1382129
1718179
1780978
1780979
1382130
1381860
1382131
1718189
1736822
1718193
1382132
1382133
1382134
1382135
1382136
1381862
1381863
1381864
1381865
1381866
1381867
1381868
1381869
1381873
1381876
1381877
1381879
1381880
1381883
1381884
1381886
1959333
1675486
1381888
1381890
1381891
1381892
1381893
1381894
1381896
1381898
1381899
1381900
1381901
1381902
1381907
1381908
1381909
1381912
1381913
1381914
1381915
1381916
1381917
1381922
1381923
1381924
1381919
1381921
1381925
1381926
1381928
1381934
1381935
1381932
1381933
1381937
1381936
1381942
1381944
1381946
1381947
1381948
1381949
1381950
1381951
1381954
1381955
1381956
1381957
1381960
1381961
1381962
1381964
1381963
1381966
1381967
1381968
1381969
1381972
1381973
1381974
1381975
1381976
1381978
1381977
1381980
1381982
1381987
1381983
1381984
1381985
1381986
1675526
1381991
1381992
1381993
1381995
1381994
1381996
1381997
1382000
1382001
1382137
1382005
1382007
1382006
1382008
1382009
1382004
1381782
1381784
1381788
1381790
1381797
1381798
1381805
1381806
1718011
1382060
1381856
1736827
1381861
1317785
1381872
1381875
1381903
1381905
1381910
1381911
1381930
1381939
1381940
1381952
1381971
1381988
1381989
1382003
1382002
1382138
1382139
1382140
1382141
1382142
1382143
1382146
1382149
1382151
1382152
1718190
1376023
1376622
1376626
1376631
1718167
1718219
1382224
1723034
1375461
1723123
1382227
1382157
1382162
1382165
1382169
1375474
1375484
1382178
1382179
1375486
1375487
1375489
1375490
1382181
1375500
1375503
1375505
1737035
1375510
1375507
1375520
1375522
1375523
1382257
1382234
1382240
1722235
1382250
1382252
1382253
1382183
1375546
1375552
1375553
1375559
1375562
1718562
1718561
1375563
1375565
1382290
1382260
1382262
1375569
1375571
1375574
1382263
1382272
1382191
1382277
1382282
1382284
1382285
1382286
1375592
1375594
1375602
1375607
1375609
1375611
1375613
1375620
1375625
1382197
1382295
1375629
1382297
1375661
1375704
1375706
1375709
1375717
1375723
1375725
1375726
1375728
1382218
1382219
1382310
1375738
1375755
1375758
1375759
1375762
1375760
1376360
1375769
1375774
1375778
1375779
1375782
1375780
1376326
1375785
1376368
1376372
1375798
1376373
1375807
1375814
1375815
1375823
1375825
1376330
1376340
1376343
1375838
1375848
1375852
1375853
1375856
1375864
1375883
1375887
1375896
1375899
1375900
1375898
1375903
1375910
1375927
1375933
1375940
1375942
1375948
1375951
1376009
1376011
1376025
1376026
1376035
1376051
1376041
1376043
1376091
1376099
1376102
1780987
1376112
1376071
1376075
1376079
1376084
1376383
1376126
1376134
1376137
1376389
1376151
1376154
1376264
1376267
1376159
1376270
1376163
1376272
1376167
1376170
1376172
1376185
1376184
1376187
1376190
1376193
1376196
1376198
1376199
1376207
1376219
2110924
1376224
1376239
1376244
1376246
1376258
1762487
1376307
1717950
1718043
1376311
1376398
1376407
1376415
1376419
1376420
1376422
1376423
1376424
1376433
1376436
1376440
1376445
1376447
1376454
1376458
1376464
1376461
1376466
1376467
1376469
1376472
1376481
1376636
1376638
1376490
1376492
1376496
1376505
1376508
1376527
1376533
1376543
1376582
1376599
1376600
1376611
1376612
1376617
1376626
1376631
1376632
1376642
1376643
1376698
1376663
1376665
1376667
1376670
1376671
1376672
1376683
1376686
1376730
1376729
1376735
1376742
1376759
1377103
1377098
1376799
1376800
1376801
1376806
1376808
1376809
1377102
1377118
1376814
1376815
1377119
1376821
1376824
1376825
1718037
1376829
1376835
1376838
1376840
1376852
2110034
1376859
1376873
1376876
1376886
1376892
1376893
1376896
1376899
1376906
1376909
1376907
1376914
1376915
1376917
1376920
1376921
1376923
1376925
1376932
1376933
1376937
1376938
1376945
2110028
1377142
1376949
1377137
1377138
1376956
1376963
1376964
1376973
1376977
1376989
1376992
1376994
1376997
1376999
1377000
1377001
1377002
1377041
1377040
1377014
1377015
1377016
1377017
1377018
1377019
1377020
1377021
1377022
1377023
1377024
1377029
1377031
1377032
1377033
1377034
1377035
1377036
1377006
1377037
1377038
1377039
1377044
1377058
1377060
1377059
1377061
1377066
1377075
1377077
1377079
1377081
1377148
1377149
1377151
1675465
1377167
1377171
1377176
1377178
1377188
1377193
1377197
1377472
1377199
1377475
1377478
1377484
1377211
1377217
1377218
1377222
1377228
1377232
1377249
1377251
1377244
1718148
1377502
1377518
1377325
1377327
1377328
1675579
1377275
1377281
1377283
1377285
1377284
1377287
1377349
1377350
1377288
1377295
1377356
1377359
1377310
1377375
1377383
1377384
1377385
1377388
1377395
1377398
1377407
1377425
1377436
1377443
1377451
1377457
1377458
1377460
1377520
1377526
1377856
1377858
1377542
1377543
1377840
1377550
1377552
1377554
1377563
1377568
1377846
1377580
1377596
1377877
1377599
1377885
1377852
1377616
1377618
1377619
1377622
1377889
1377894
1377898
1377899
1377901
1377629
1718045
1377652
1377654
1377661
1377663
1718078
1377672
1377668
1377675
1377678
1377684
1780988
1377692
1377714
1377904
1377909
1377939
1377919
1377925
1377942
1377945
1377947
1377722
1377727
1377952
1377953
1377958
1377961
1377786
1377744
1377737
1377740
1377800
1377801
1377807
1377818
1377820
1377827
1377830
1377831
1377967
1377975
1377980
1377981
1377982
1378002
1378005
1378013
2110036
1378101
1378028
1378031
1378113
1378115
1378112
1378117
1378042
1378053
1378054
1378056
1378057
1378059
1378060
1378076
1378085
1378088
1378090
1378091
1378093
1378095
1378124
1378132
1378678
1378133
1378681
1378687
1378155
1378689
1378692
1378166
1378172
1378701
1378184
1378185
1378188
1378192
1378200
1378222
1378706
1378213
1378226
1378227
1378228
1378229
1378230
2110032
1718038
1378713
1378716
1378719
1378721
1378725
1378735
1378736
1378737
1378734
1378238
1378239
1378244
1378243
1378249
1378257
1378262
1378270
1378277
1378340
1378293
1378303
1378306
1378312
1378315
1378317
1378319
1378321
1378327
1378346
1718199
1378357
1378368
1378380
1378383
1378389
1378398
1378399
1378401
1378415
1378417
1378745
1378418
1378420
1378437
1378438
1378440
1378450
1378457
1378459
1378460
1378538
1378469
1378472
1378479
1378506
1378489
1378498
1378497
1378500
1378501
1378510
1378514
1378524
1378532
1378545
1378550
1378551
1378559
1378565
2110026
1378586
1378570
1378575
1378589
1378646
1378601
1378602
1378607
1378608
1378612
1378667
1378653
1378655
1378658
1378659
1378660
1378661
1378662
1378663
1378758
1378759
1378763
1378764
1379213
1379215
1378774
1378778
1378780
1378786
1379181
1379182
1379187
1379188
1379185
1379196
1379221
1379223
1379235
1379237
1378796
1379240
1378804
1379243
1378820
1378821
1378824
1718211
1718023
1378832
1378846
1378859
1378860
1378854
1378861
1378869
1378871
1378880
1378890
1378901
1378905
1378913
1378922
1378924
1378950
1378952
1378945
1378948
1378954
1378957
1378962
1378993
1378987
1378992
1378998
1379007
1379011
1379014
1379044
1379064
1379045
1379050
1379067
1379080
1379087
1379091
1379095
1379245
1379244
1379250
1379257
1379269
1379270
1379274
1379276
1379277
1379126
1379133
1379129
1379131
1379147
1379151
1379161
1379154
1379165
1379279
1379282
1379288
1379292
1379293
1379295
1379297
1379303
1379304
1379313
1379514
1379320
1379519
1379522
1379523
1379341
1379352
1379353
1379356
1379531
1379372
1379373
1379377
1379379
1379381
1379390
1379391
1379398
1379404
1379405
1379428
1379541
1379454
1379448
1379458
1379463
1379465
1379474
1379475
1379478
1379489
1379493
1379495
1379496
1379503
1379505
1379506
1379746
1379747
1379750
1379752
1379550
1379552
1379756
1379555
1379559
1379562
1379570
1379574
1379589
1379591
1379593
1379598
1379601
1379607
1379619
1379623
1379636
1379687
1379650
1379653
1379656
1379659
1379665
1379669
1379683
1379689
1379690
1379698
1379764
1379707
1379708
1379711
1379713
1379717
1379715
1379716
1379722
1379723
1379724
1379725
1379733
1379736
1379737
1379740
1379741
1379769
1382314
1379776
1379794
1379796
1379805
1379803
1382319
1382320
1379827
1379836
1382339
1379853
1382354
1382345
1382343
1382347
1382365
1382368
1382373
1382376
1382377
1382381
1382382
1382388
1382404
1382391
1382392
1382400
1379862
1379863
1379864
1382406
1382419
1382426
1382427
1382431
1382441
1379871
1379880
1379882
1379885
1379887
1379888
1379891
1379895
1379897
1379900
1380050
1379908
1380047
1379917
1379923
1379939
1379943
1379949
1379951
1379953
1379955
1379966
1379968
1379979
1379982
1379987
1379991
1675732
1379998
1380001
1380002
1380018
1380027
1380023
1380032
1380033
1380036
1380038
1380248
1380242
1380070
1380074
1380075
1380076
1380077
1380080
1380250
1380083
1380085
1380255
1380256
1380257
1380092
1380095
1380104
1380118
1380119
1380122
1380125
1380128
1380130
1380133
1380143
1380153
1380154
1380156
1380275
1380163
1380280
1380283
1380286
1380309
1380313
1380314
1380323
1380168
1380178
1380180
1380341
1380183
1380199
1380200
1380217
1380223
1380234
1380348
1381218
1381220
1381221
1380353
1381238
1380356
1380357
1381239
1380363
1380365
1380367
1381240
1380371
1380373
1380375
1380384
1380382
1380387
1380388
1380396
1380402
1380403
1380404
1380408
1380409
1380413
1380423
1381229
1381230
1380429
1381257
1381265
1380437
1380448
1380465
1380466
1718229
1380475
1380478
1380480
1380481
1380486
1380498
1380501
1380502
1380506
1380507
1380523
1380489
1380535
1380539
1380540
1380543
1380645
1380661
1380662
1380666
1380555
1380556
1380558
1380560
1380578
1380579
1380582
1380605
1380624
1718035
1380630
1380633
1380640
1380671
1380691
1380697
2110037
1380679
1380685
1722232
1380690
1380734
1380733
1380707
1380706
1380738
1380736
1380740
1380717
1380750
1380723
1380767
1380758
1380764
1380759
1380771
1381268
1381325
1381277
1381294
1381295
1381297
1381303
1381305
1381320
1380788
1380794
1380799
1380801
1380816
1380819
1380830
1380828
1380836
1381328
1381332
1381338
1381339
1380842
1381349
1380849
1380852
1380856
1380868
1380880
1380891
1380892
1380896
1381119
1381120
1380902
1381129
1380906
1380914
1380935
1762471
1762470
1762469
1380949
1380952
1380968
1380970
1380979
1380983
1380991
1380993
1380996
1380999
1381000
2110030
1381003
1381004
1381006
1381009
1381010
1381017
1381015
1381019
1381026
1381027
1381028
1381030
1381031
1381034
1381050
1381054
1381061
1381067
1381074
1381083
1381106
1381114
1381143
1381144
1381153
1381196
1381159
1381163
1381167
1381173
1381183
1381177
1381178
1381179
1381192
1381193
1381205
1381217
1381357
1381358
1381369
1381366
1381712
1381382
1381384
1381385
1381393
1381397
1381399
1381400
1381407
2110027
1381410
1381417
1381420
1381425
1381426
1381431
1381443
1381446
1381451
1381450
1381486
1381493
1381503
1381507
1381522
1381523
1381616
1381621
1381622
1381531
1381532
1381623
1381534
1381535
1381608
1381625
2041592
1381544
1381546
1381629
1381548
1381555
1381556
1381564
1381572
1381573
1381581
1381600
1381601
1381603
1381604
1381636
1381644
1381645
1381647
1381653
1718170
1381660
1381666
1381667
1381673
1381684
1381731
1381733
1381743
1381750
1381753
1381755
1381757
1381758
1381759
1381761
1381762
1381768
1381775
1381776
1381787
1381786
1382041
1381793
1381795
1381823
1381808
1381813
1381824
1382049
1381825
1382053
1382057
1382017
1381832
1382022
1381838
1382028
1381840
1381847
1381853
1381855
1382063
1382069
1382075
1382077
1382124
1382083
1382086
1382096
1382097
1382098
1382101
1382126
1382108
1382109
1382120
1382122
1381870
1381871
1381874
1381881
1381882
1381887
1381889
1381895
1381897
1381918
1381920
1381927
1381929
1381931
1381938
1381943
1381945
1381953
1381959
1381965
1381970
1381979
1381981
1381990
1381993
1381997
1381998
1381999
1780989
1381811
1381851
1381878
1381885
1381904
1381906
1381941
1762486
1381958
1382144
1382145
1382147
1382148
1382150
